1 482.961
2 482.961
3 475.882
4 463.194
5 447.026
6 447.026
7 447.026
8 447.026
9 447.026
10 433.349
11 433.349
12 433.349
13 433.349
14 433.349
15 433.349
16 433.349
17 433.349
18 433.349
19 433.349
20 433.349
21 433.349
22 433.349
23 433.131
24 433.131
25 433.131
26 433.131
27 433.131
28 433.131
29 433.131
30 433.131
31 433.131
32 433.131
33 433.131
34 433.131
35 419.107
36 419.107
37 419.107
38 419.107
39 419.107
40 419.107
41 419.107
42 419.107
43 419.107
44 419.107
45 419.107
46 419.107
47 419.107
48 419.107
49 419.107
50 419.107
51 419.107
52 419.107
53 419.107
54 419.107
55 419.107
56 419.107
57 419.107
58 419.107
59 411.676
60 385.65
61 385.65
62 385.65
63 385.65
64 385.65
65 385.65
66 385.65
67 385.65
68 385.65
69 385.65
70 385.65
71 385.65
72 385.65
73 385.65
74 385.65
75 385.65
76 385.65
77 385.65
78 385.65
79 385.65
80 385.65
81 385.65
82 385.65
83 385.65
84 385.65
85 385.65
86 385.65
87 385.65
88 385.65
89 385.65
90 385.65
91 385.65
92 385.65
93 385.65
94 385.65
95 385.65
96 385.65
97 385.65
98 385.65
99 385.65
100 385.65
101 385.65
102 385.65
103 385.65
104 385.65
105 385.65
106 385.65
107 385.65
108 385.65
109 385.65
110 385.65
111 385.65
112 385.65
113 385.65
114 385.65
115 378.569
116 378.569
117 378.569
118 378.569
119 378.569
120 378.569
121 378.569
122 378.569
123 378.569
124 378.569
125 378.569
126 378.569
127 378.569
128 378.569
129 378.569
130 378.569
131 378.569
132 378.569
133 378.569
134 378.569
135 378.569
136 378.569
137 378.569
138 378.569
139 378.569
140 378.569
141 378.569
142 378.569
143 378.569
144 378.569
145 378.569
146 378.569
147 378.569
148 378.569
149 378.569
150 378.569
151 378.569
152 378.569
153 378.569
154 378.569
155 378.569
156 378.569
157 378.569
158 378.569
159 378.569
160 378.569
161 378.569
162 378.569
163 378.569
164 378.569
165 378.569
166 378.569
167 378.569
168 378.569
169 378.569
170 378.569
171 378.569
172 378.569
173 378.569
174 378.569
175 378.569
176 378.569
177 378.569
178 378.569
179 378.569
180 378.569
181 378.569
182 378.569
183 378.569
184 378.569
185 378.569
186 378.569
187 378.569
188 378.569
189 378.569
190 378.569
191 378.569
192 378.569
193 378.569
194 378.569
195 378.569
196 378.569
197 378.569
198 378.569
199 378.569
200 378.569
201 378.569
202 378.569
203 378.569
204 378.569
205 378.569
206 378.569
207 378.569
208 378.569
209 378.569
210 378.569
211 378.569
212 378.569
213 378.569
214 378.569
215 378.569
216 378.569
217 378.569
218 378.569
219 378.569
220 378.569
221 378.569
222 378.569
223 378.569
224 378.569
225 378.569
226 378.569
227 378.569
228 378.569
229 378.569
230 378.569
231 378.569
232 378.569
233 378.569
234 378.569
235 378.569
236 378.569
237 378.569
238 378.569
239 378.569
240 378.569
241 378.569
242 378.569
243 378.569
244 378.569
245 378.569
246 378.569
247 378.569
248 378.569
249 378.569
250 378.569
251 378.569
252 378.569
253 378.569
254 378.569
255 378.569
256 378.569
257 378.569
258 378.569
259 378.569
260 378.569
261 378.569
262 378.569
263 378.569
264 378.569
265 378.569
266 378.569
267 378.569
268 378.569
269 378.569
270 378.569
271 378.569
272 378.569
273 378.569
274 378.569
275 378.569
276 378.569
277 378.569
278 378.569
279 378.569
280 378.569
281 378.569
282 378.569
283 378.569
284 378.569
285 378.569
286 378.569
287 378.569
288 378.569
289 378.569
290 378.569
291 378.569
292 378.569
293 378.569
294 378.569
295 378.569
296 378.569
297 378.569
298 378.569
299 378.569
300 378.569
301 378.569
302 378.569
303 378.569
304 378.569
305 378.569
306 378.569
307 378.569
308 378.569
309 378.569
310 378.569
311 378.569
312 378.569
313 378.569
314 378.569
315 378.569
316 378.569
317 378.569
318 378.569
319 378.569
320 378.569
321 378.569
322 378.569
323 378.569
324 378.569
325 378.569
326 378.569
327 378.569
328 378.569
329 378.569
330 378.569
331 378.569
332 378.569
333 378.569
334 378.569
335 378.569
336 378.569
337 378.569
338 378.569
339 378.569
340 378.569
341 378.569
342 378.569
343 378.569
344 370.62
345 370.62
346 370.62
347 370.62
348 370.62
349 370.62
350 370.62
351 370.62
352 370.62
353 370.62
354 370.62
355 370.62
356 370.62
357 370.62
358 370.62
359 370.62
360 370.62
361 370.62
362 370.62
363 370.62
364 370.62
365 370.62
366 370.62
367 370.62
368 370.62
369 370.62
370 370.62
371 370.62
372 370.62
373 370.62
374 370.62
375 370.62
376 370.62
377 370.62
378 370.62
379 370.62
380 370.62
381 370.62
382 370.62
383 370.62
384 370.62
385 370.62
386 370.62
387 370.62
388 370.62
389 370.62
390 370.62
391 370.62
392 370.62
393 370.62
394 370.62
395 370.62
396 370.62
397 370.62
398 370.62
399 370.62
400 370.62
401 370.62
402 370.62
403 370.62
404 370.62
405 370.62
406 370.62
407 370.62
408 370.62
409 370.62
410 370.62
411 370.62
412 370.62
413 370.62
414 370.62
415 370.62
416 370.62
417 370.62
418 370.62
419 370.62
420 370.62
421 370.62
422 370.62
423 370.62
424 370.62
425 370.62
426 370.62
427 358.962
428 358.962
429 358.962
430 358.962
431 346.55
432 346.55
433 346.55
434 346.55
435 346.55
436 346.55
437 346.55
438 346.55
439 346.55
440 346.55
441 346.55
442 346.55
443 346.55
444 346.55
445 346.55
446 346.55
447 346.55
448 346.55
449 346.55
450 346.55
451 346.55
452 346.55
453 346.55
454 346.55
455 346.55
456 346.55
457 346.55
458 346.55
459 346.55
460 346.55
461 346.55
462 346.55
463 346.55
464 346.55
465 346.55
466 346.55
467 346.55
468 346.55
469 346.55
470 346.55
471 346.55
472 346.55
473 346.55
474 346.55
475 346.55
476 346.55
477 346.55
478 346.55
479 346.55
480 346.55
481 346.55
482 346.55
483 346.55
484 346.55
485 346.55
486 346.55
487 346.55
488 346.55
489 346.55
490 346.55
491 346.55
492 346.55
493 346.55
494 346.55
495 346.55
496 346.55
497 346.55
498 346.55
499 346.55
500 346.55
501 346.55
502 346.55
503 346.55
504 346.55
505 346.55
506 346.55
507 346.55
508 346.55
509 346.55
510 346.55
511 346.55
512 346.55
513 346.55
514 346.55
515 346.55
516 346.55
517 346.55
518 346.55
519 346.55
520 346.55
521 346.55
522 346.55
523 346.55
524 346.55
525 346.55
526 346.55
527 346.55
528 346.55
529 346.55
530 346.55
531 346.55
532 346.55
533 346.55
534 346.55
535 346.55
536 346.55
537 346.55
538 346.55
539 346.55
540 346.55
541 346.55
542 346.55
543 346.55
544 346.55
545 346.55
546 346.55
547 346.55
548 346.55
549 346.55
550 346.55
551 346.55
552 346.55
553 346.55
554 346.55
555 346.55
556 346.55
557 346.55
558 346.55
559 346.55
560 346.55
561 346.55
562 346.55
563 346.55
564 346.55
565 346.55
566 346.55
567 346.55
568 346.55
569 346.55
570 346.55
571 346.55
572 346.55
573 346.55
574 346.55
575 346.55
576 346.55
577 346.55
578 346.55
579 346.55
580 346.55
581 346.55
582 346.55
583 346.55
584 346.55
585 346.55
586 346.55
587 346.55
588 346.55
589 346.55
590 346.55
591 346.55
592 346.55
593 346.55
594 346.55
595 346.55
596 346.55
597 346.55
598 346.55
599 346.55
600 346.55
601 346.55
602 346.55
603 346.55
604 346.55
605 346.55
606 346.55
607 346.55
608 346.55
609 346.55
610 346.55
611 346.55
612 346.55
613 346.55
614 346.55
615 346.55
616 346.55
617 346.55
618 346.55
619 346.55
620 346.55
621 346.55
622 346.55
623 346.55
624 346.55
625 346.55
626 346.55
627 346.55
628 346.55
629 346.55
630 346.55
631 346.55
632 346.55
633 346.55
634 346.55
635 346.55
636 346.55
637 346.55
638 346.55
639 346.55
640 346.55
641 346.55
642 346.55
643 346.55
644 346.55
645 346.55
646 346.55
647 346.55
648 346.55
649 346.55
650 346.55
651 346.55
652 346.55
653 346.55
654 346.55
655 346.55
656 346.55
657 346.55
658 346.55
659 346.55
660 346.55
661 346.55
662 346.55
663 346.55
664 346.55
665 346.55
666 346.55
667 346.55
668 346.55
669 346.55
670 346.55
671 346.55
672 346.55
673 346.55
674 346.55
675 346.55
676 346.55
677 346.55
678 346.55
679 346.55
680 346.55
681 346.55
682 346.55
683 346.55
684 346.55
685 346.55
686 346.55
687 346.55
688 346.55
689 346.55
690 346.55
691 346.55
692 346.55
693 346.55
694 346.55
695 346.55
696 346.55
697 346.55
698 346.55
699 346.55
700 346.55
701 346.55
702 346.55
703 346.55
704 346.55
705 346.55
706 346.55
707 346.55
708 346.55
709 346.55
710 346.55
711 346.55
712 346.55
713 346.55
714 346.55
715 346.55
716 346.55
717 346.55
718 346.55
719 346.55
720 346.55
721 346.55
722 346.55
723 346.55
724 346.55
725 346.55
726 346.55
727 346.55
728 346.55
729 346.55
730 346.55
731 346.55
732 346.55
733 346.55
734 346.55
735 346.55
736 346.55
737 346.55
738 346.55
739 346.55
740 346.55
741 346.55
742 346.55
743 346.55
744 346.55
745 346.55
746 346.55
747 346.55
748 346.55
749 346.55
750 346.55
751 346.55
752 346.55
753 346.55
754 346.55
755 346.55
756 346.55
757 346.55
758 346.55
759 346.55
760 346.55
761 346.55
762 346.55
763 346.55
764 346.55
765 346.55
766 346.55
767 346.55
768 346.55
769 346.55
770 346.55
771 346.55
772 346.55
773 346.55
774 346.55
775 346.55
776 346.55
777 346.55
778 346.55
779 346.55
780 346.55
781 346.55
782 346.55
783 346.55
784 346.55
785 346.55
786 346.55
787 346.55
788 346.55
789 346.55
790 346.55
791 346.55
792 346.55
793 346.55
794 346.55
795 346.55
796 346.55
797 346.55
798 346.55
799 346.55
800 346.55
801 346.55
802 346.55
803 346.55
804 346.55
805 346.55
806 346.55
807 346.55
808 346.55
809 346.55
810 346.55
811 346.55
812 346.55
813 332.897
814 332.897
815 332.897
816 332.897
817 332.897
818 332.897
819 332.897
820 332.897
821 332.897
822 332.897
823 332.897
824 332.897
825 332.897
826 332.897
827 332.897
828 332.897
829 332.897
830 332.897
831 332.897
832 332.897
833 332.897
834 332.897
835 332.897
836 332.897
837 332.897
838 332.897
839 332.897
840 332.897
841 332.897
842 332.897
843 332.897
844 332.897
845 332.897
846 332.897
847 332.897
848 332.897
849 332.897
850 332.897
851 332.897
852 332.897
853 332.897
854 332.897
855 332.897
856 332.897
857 332.897
858 332.897
859 332.897
860 332.897
861 332.897
862 332.897
863 332.897
864 332.897
865 332.897
866 306.783
867 306.783
868 306.783
869 306.783
870 306.783
871 306.783
872 306.783
873 306.783
874 306.783
875 306.783
876 306.783
877 306.783
878 306.783
879 306.783
880 306.783
881 306.783
882 306.783
883 306.783
884 306.783
885 306.783
886 306.783
887 306.783
888 306.783
889 306.783
890 306.783
891 306.783
892 306.783
893 306.783
894 306.783
895 306.783
896 306.783
897 306.783
898 306.783
899 306.783
900 306.783
901 306.783
902 306.783
903 306.783
904 306.783
905 306.783
906 306.783
907 306.783
908 306.783
909 306.783
910 306.783
911 306.783
912 306.783
913 306.783
914 306.783
915 306.783
916 306.783
917 306.783
918 306.783
919 306.783
920 306.783
921 306.783
922 306.783
923 306.783
924 306.783
925 306.783
926 306.783
927 306.783
928 306.783
929 306.783
930 306.783
931 306.783
932 306.783
933 306.783
934 306.783
935 306.783
936 306.783
937 306.783
938 306.783
939 306.783
940 306.783
941 306.783
942 306.783
943 306.783
944 306.783
945 306.783
946 306.783
947 306.783
948 306.783
949 306.783
950 306.783
951 306.783
952 306.783
953 306.783
954 306.783
955 306.783
956 306.783
957 306.783
958 306.783
959 306.783
960 306.783
961 306.783
962 306.783
963 306.783
964 306.783
965 306.783
966 306.783
967 306.783
968 306.783
969 306.783
970 306.783
971 306.783
972 306.783
973 306.783
974 306.783
975 306.783
976 306.783
977 306.783
978 306.783
979 306.783
980 306.783
981 306.783
982 306.783
983 306.783
984 306.783
985 306.783
986 306.783
987 306.783
988 306.783
989 306.783
990 306.783
991 306.783
992 306.783
993 306.783
994 306.783
995 306.783
996 306.783
997 306.783
998 306.783
999 306.783
1000 306.783
